{
  "nbformat": 4,
  "nbformat_minor": 0,
  "metadata": {
    "colab": {
      "provenance": [],
      "authorship_tag": "ABX9TyPht6C46KKp91JAGsCIS+dz",
      "include_colab_link": true
    },
    "kernelspec": {
      "name": "python3",
      "display_name": "Python 3"
    },
    "language_info": {
      "name": "python"
    }
  },
  "cells": [
    {
      "cell_type": "markdown",
      "metadata": {
        "id": "view-in-github",
        "colab_type": "text"
      },
      "source": [
        "<a href=\"https://colab.research.google.com/github/Sanjeev00001/Machine-Learning-1/blob/main/Python_libraries.ipynb\" target=\"_parent\"><img src=\"https://colab.research.google.com/assets/colab-badge.svg\" alt=\"Open In Colab\"/></a>"
      ]
    },
    {
      "cell_type": "code",
      "execution_count": null,
      "metadata": {
        "id": "NB35yvWNIqeN"
      },
      "outputs": [],
      "source": [
        "import numpy as np\n"
      ]
    },
    {
      "cell_type": "code",
      "source": [
        "a=np.arange(0,20,2)"
      ],
      "metadata": {
        "id": "AJmqTqZCIvkz"
      },
      "execution_count": null,
      "outputs": []
    },
    {
      "cell_type": "code",
      "source": [
        "print(a)"
      ],
      "metadata": {
        "colab": {
          "base_uri": "https://localhost:8080/"
        },
        "id": "HO2Hsw7FI07l",
        "outputId": "87819426-6fe9-4850-9955-7b313612370f"
      },
      "execution_count": null,
      "outputs": [
        {
          "output_type": "stream",
          "name": "stdout",
          "text": [
            "[ 0  2  4  6  8 10 12 14 16 18]\n"
          ]
        }
      ]
    },
    {
      "cell_type": "code",
      "source": [
        "b=a*2"
      ],
      "metadata": {
        "id": "03m6DvCZI2Cy"
      },
      "execution_count": null,
      "outputs": []
    },
    {
      "cell_type": "code",
      "source": [
        "print(b)"
      ],
      "metadata": {
        "colab": {
          "base_uri": "https://localhost:8080/"
        },
        "id": "W2OPq4rNI7we",
        "outputId": "bd15ddb2-3fe9-48c9-920a-e3d207b9edbb"
      },
      "execution_count": null,
      "outputs": [
        {
          "output_type": "stream",
          "name": "stdout",
          "text": [
            "[ 0  4  8 12 16 20 24 28 32 36]\n"
          ]
        }
      ]
    },
    {
      "cell_type": "code",
      "source": [
        "c=a**2"
      ],
      "metadata": {
        "id": "ZowzMCuzI9C3"
      },
      "execution_count": null,
      "outputs": []
    },
    {
      "cell_type": "code",
      "source": [
        "print(c)"
      ],
      "metadata": {
        "colab": {
          "base_uri": "https://localhost:8080/"
        },
        "id": "AJRvzh4cI_kJ",
        "outputId": "901bde12-f44d-4283-f67b-7f701ecd2550"
      },
      "execution_count": null,
      "outputs": [
        {
          "output_type": "stream",
          "name": "stdout",
          "text": [
            "[  0   4  16  36  64 100 144 196 256 324]\n"
          ]
        }
      ]
    },
    {
      "cell_type": "code",
      "source": [
        "d=np.sin(a)"
      ],
      "metadata": {
        "id": "Vf8smH7YJAeM"
      },
      "execution_count": null,
      "outputs": []
    },
    {
      "cell_type": "code",
      "source": [
        "print(d)"
      ],
      "metadata": {
        "colab": {
          "base_uri": "https://localhost:8080/"
        },
        "id": "H40gFPZCJJ21",
        "outputId": "2072c10f-2d1c-4af4-b7a8-2801fa187acd"
      },
      "execution_count": null,
      "outputs": [
        {
          "output_type": "stream",
          "name": "stdout",
          "text": [
            "[ 0.          0.90929743 -0.7568025  -0.2794155   0.98935825 -0.54402111\n",
            " -0.53657292  0.99060736 -0.28790332 -0.75098725]\n"
          ]
        }
      ]
    },
    {
      "cell_type": "code",
      "source": [
        "e=np.tan(a)"
      ],
      "metadata": {
        "id": "MTJrpdAqJK5u"
      },
      "execution_count": null,
      "outputs": []
    },
    {
      "cell_type": "code",
      "source": [
        "print(e)"
      ],
      "metadata": {
        "colab": {
          "base_uri": "https://localhost:8080/"
        },
        "id": "tLcTilqgJPMs",
        "outputId": "282438a0-5376-4678-8980-fc5ac4dbaa4c"
      },
      "execution_count": null,
      "outputs": [
        {
          "output_type": "stream",
          "name": "stdout",
          "text": [
            "[ 0.         -2.18503986  1.15782128 -0.29100619 -6.79971146  0.64836083\n",
            " -0.63585993  7.24460662  0.30063224 -1.13731371]\n"
          ]
        }
      ]
    },
    {
      "cell_type": "code",
      "source": [
        "ee=np.log(a)"
      ],
      "metadata": {
        "colab": {
          "base_uri": "https://localhost:8080/"
        },
        "id": "y61cKkrpJP_y",
        "outputId": "9d3e75bd-8ea9-474b-e8fb-e9c4533857f0"
      },
      "execution_count": null,
      "outputs": [
        {
          "output_type": "stream",
          "name": "stderr",
          "text": [
            "<ipython-input-12-02e3011a12a2>:1: RuntimeWarning: divide by zero encountered in log\n",
            "  ee=np.log(a)\n"
          ]
        }
      ]
    },
    {
      "cell_type": "code",
      "source": [
        "data=np.array([a],[b],[c],[d],[e])"
      ],
      "metadata": {
        "colab": {
          "base_uri": "https://localhost:8080/",
          "height": 176
        },
        "id": "H7VSBlzKJWi2",
        "outputId": "37d00111-03b4-4cbb-bf70-4d88d94235c7"
      },
      "execution_count": null,
      "outputs": [
        {
          "output_type": "error",
          "ename": "TypeError",
          "evalue": "array() takes from 1 to 2 positional arguments but 5 were given",
          "traceback": [
            "\u001b[0;31m---------------------------------------------------------------------------\u001b[0m",
            "\u001b[0;31mTypeError\u001b[0m                                 Traceback (most recent call last)",
            "\u001b[0;32m<ipython-input-13-83dff819e267>\u001b[0m in \u001b[0;36m<cell line: 1>\u001b[0;34m()\u001b[0m\n\u001b[0;32m----> 1\u001b[0;31m \u001b[0mdata\u001b[0m\u001b[0;34m=\u001b[0m\u001b[0mnp\u001b[0m\u001b[0;34m.\u001b[0m\u001b[0marray\u001b[0m\u001b[0;34m(\u001b[0m\u001b[0;34m[\u001b[0m\u001b[0ma\u001b[0m\u001b[0;34m]\u001b[0m\u001b[0;34m,\u001b[0m\u001b[0;34m[\u001b[0m\u001b[0mb\u001b[0m\u001b[0;34m]\u001b[0m\u001b[0;34m,\u001b[0m\u001b[0;34m[\u001b[0m\u001b[0mc\u001b[0m\u001b[0;34m]\u001b[0m\u001b[0;34m,\u001b[0m\u001b[0;34m[\u001b[0m\u001b[0md\u001b[0m\u001b[0;34m]\u001b[0m\u001b[0;34m,\u001b[0m\u001b[0;34m[\u001b[0m\u001b[0me\u001b[0m\u001b[0;34m]\u001b[0m\u001b[0;34m)\u001b[0m\u001b[0;34m\u001b[0m\u001b[0;34m\u001b[0m\u001b[0m\n\u001b[0m",
            "\u001b[0;31mTypeError\u001b[0m: array() takes from 1 to 2 positional arguments but 5 were given"
          ]
        }
      ]
    },
    {
      "cell_type": "code",
      "source": [
        "print(data)"
      ],
      "metadata": {
        "colab": {
          "base_uri": "https://localhost:8080/",
          "height": 176
        },
        "id": "OGqNYhm5KV6n",
        "outputId": "7f3f48b9-3fa0-4cf5-d008-80faf1b02715"
      },
      "execution_count": null,
      "outputs": [
        {
          "output_type": "error",
          "ename": "NameError",
          "evalue": "name 'data' is not defined",
          "traceback": [
            "\u001b[0;31m---------------------------------------------------------------------------\u001b[0m",
            "\u001b[0;31mNameError\u001b[0m                                 Traceback (most recent call last)",
            "\u001b[0;32m<ipython-input-14-dbd883db58b7>\u001b[0m in \u001b[0;36m<cell line: 1>\u001b[0;34m()\u001b[0m\n\u001b[0;32m----> 1\u001b[0;31m \u001b[0mprint\u001b[0m\u001b[0;34m(\u001b[0m\u001b[0mdata\u001b[0m\u001b[0;34m)\u001b[0m\u001b[0;34m\u001b[0m\u001b[0;34m\u001b[0m\u001b[0m\n\u001b[0m",
            "\u001b[0;31mNameError\u001b[0m: name 'data' is not defined"
          ]
        }
      ]
    },
    {
      "cell_type": "code",
      "source": [
        "data=np.array([[a],[b],[c],[d],[e]])"
      ],
      "metadata": {
        "id": "rVTA0POmKW8M"
      },
      "execution_count": null,
      "outputs": []
    },
    {
      "cell_type": "code",
      "source": [
        "print(data)"
      ],
      "metadata": {
        "colab": {
          "base_uri": "https://localhost:8080/"
        },
        "id": "tcT5hq33LFM-",
        "outputId": "ddf4079c-0436-4b43-aa31-f4105f29a4d4"
      },
      "execution_count": null,
      "outputs": [
        {
          "output_type": "stream",
          "name": "stdout",
          "text": [
            "[[[ 0.00000000e+00  2.00000000e+00  4.00000000e+00  6.00000000e+00\n",
            "    8.00000000e+00  1.00000000e+01  1.20000000e+01  1.40000000e+01\n",
            "    1.60000000e+01  1.80000000e+01]]\n",
            "\n",
            " [[ 0.00000000e+00  4.00000000e+00  8.00000000e+00  1.20000000e+01\n",
            "    1.60000000e+01  2.00000000e+01  2.40000000e+01  2.80000000e+01\n",
            "    3.20000000e+01  3.60000000e+01]]\n",
            "\n",
            " [[ 0.00000000e+00  4.00000000e+00  1.60000000e+01  3.60000000e+01\n",
            "    6.40000000e+01  1.00000000e+02  1.44000000e+02  1.96000000e+02\n",
            "    2.56000000e+02  3.24000000e+02]]\n",
            "\n",
            " [[ 0.00000000e+00  9.09297427e-01 -7.56802495e-01 -2.79415498e-01\n",
            "    9.89358247e-01 -5.44021111e-01 -5.36572918e-01  9.90607356e-01\n",
            "   -2.87903317e-01 -7.50987247e-01]]\n",
            "\n",
            " [[ 0.00000000e+00 -2.18503986e+00  1.15782128e+00 -2.91006191e-01\n",
            "   -6.79971146e+00  6.48360827e-01 -6.35859929e-01  7.24460662e+00\n",
            "    3.00632242e-01 -1.13731371e+00]]]\n"
          ]
        }
      ]
    },
    {
      "cell_type": "code",
      "source": [
        "np.shape(data)"
      ],
      "metadata": {
        "colab": {
          "base_uri": "https://localhost:8080/"
        },
        "id": "_8kAFkPZLGUw",
        "outputId": "52ae9aef-44b4-4192-c9fa-f3200a54fa8a"
      },
      "execution_count": null,
      "outputs": [
        {
          "output_type": "execute_result",
          "data": {
            "text/plain": [
              "(5, 1, 10)"
            ]
          },
          "metadata": {},
          "execution_count": 17
        }
      ]
    },
    {
      "cell_type": "code",
      "source": [
        "data=np.array([[a] [b] [c] [d] [e]])"
      ],
      "metadata": {
        "colab": {
          "base_uri": "https://localhost:8080/",
          "height": 176
        },
        "id": "LoC-zd1oLLGH",
        "outputId": "089b1ece-a06c-4a8d-d906-7ab2c5eedf23"
      },
      "execution_count": null,
      "outputs": [
        {
          "output_type": "error",
          "ename": "TypeError",
          "evalue": "only integer scalar arrays can be converted to a scalar index",
          "traceback": [
            "\u001b[0;31m---------------------------------------------------------------------------\u001b[0m",
            "\u001b[0;31mTypeError\u001b[0m                                 Traceback (most recent call last)",
            "\u001b[0;32m<ipython-input-18-b9db628acd85>\u001b[0m in \u001b[0;36m<cell line: 1>\u001b[0;34m()\u001b[0m\n\u001b[0;32m----> 1\u001b[0;31m \u001b[0mdata\u001b[0m\u001b[0;34m=\u001b[0m\u001b[0mnp\u001b[0m\u001b[0;34m.\u001b[0m\u001b[0marray\u001b[0m\u001b[0;34m(\u001b[0m\u001b[0;34m[\u001b[0m\u001b[0;34m[\u001b[0m\u001b[0ma\u001b[0m\u001b[0;34m]\u001b[0m \u001b[0;34m[\u001b[0m\u001b[0mb\u001b[0m\u001b[0;34m]\u001b[0m \u001b[0;34m[\u001b[0m\u001b[0mc\u001b[0m\u001b[0;34m]\u001b[0m \u001b[0;34m[\u001b[0m\u001b[0md\u001b[0m\u001b[0;34m]\u001b[0m \u001b[0;34m[\u001b[0m\u001b[0me\u001b[0m\u001b[0;34m]\u001b[0m\u001b[0;34m]\u001b[0m\u001b[0;34m)\u001b[0m\u001b[0;34m\u001b[0m\u001b[0;34m\u001b[0m\u001b[0m\n\u001b[0m",
            "\u001b[0;31mTypeError\u001b[0m: only integer scalar arrays can be converted to a scalar index"
          ]
        }
      ]
    },
    {
      "cell_type": "code",
      "source": [
        "data=np.array(a,b,c,d,e)"
      ],
      "metadata": {
        "colab": {
          "base_uri": "https://localhost:8080/",
          "height": 176
        },
        "id": "-nwmwgu0LZku",
        "outputId": "c5e86dbd-0d8a-44f5-992c-090dc9621a62"
      },
      "execution_count": null,
      "outputs": [
        {
          "output_type": "error",
          "ename": "TypeError",
          "evalue": "array() takes from 1 to 2 positional arguments but 5 were given",
          "traceback": [
            "\u001b[0;31m---------------------------------------------------------------------------\u001b[0m",
            "\u001b[0;31mTypeError\u001b[0m                                 Traceback (most recent call last)",
            "\u001b[0;32m<ipython-input-19-f99f1bbae4c6>\u001b[0m in \u001b[0;36m<cell line: 1>\u001b[0;34m()\u001b[0m\n\u001b[0;32m----> 1\u001b[0;31m \u001b[0mdata\u001b[0m\u001b[0;34m=\u001b[0m\u001b[0mnp\u001b[0m\u001b[0;34m.\u001b[0m\u001b[0marray\u001b[0m\u001b[0;34m(\u001b[0m\u001b[0ma\u001b[0m\u001b[0;34m,\u001b[0m\u001b[0mb\u001b[0m\u001b[0;34m,\u001b[0m\u001b[0mc\u001b[0m\u001b[0;34m,\u001b[0m\u001b[0md\u001b[0m\u001b[0;34m,\u001b[0m\u001b[0me\u001b[0m\u001b[0;34m)\u001b[0m\u001b[0;34m\u001b[0m\u001b[0;34m\u001b[0m\u001b[0m\n\u001b[0m",
            "\u001b[0;31mTypeError\u001b[0m: array() takes from 1 to 2 positional arguments but 5 were given"
          ]
        }
      ]
    },
    {
      "cell_type": "code",
      "source": [
        "print(data)"
      ],
      "metadata": {
        "colab": {
          "base_uri": "https://localhost:8080/"
        },
        "id": "O2HAoXVDLojn",
        "outputId": "b2d3f1c8-b3e3-46f6-e485-a189d86bad55"
      },
      "execution_count": null,
      "outputs": [
        {
          "output_type": "stream",
          "name": "stdout",
          "text": [
            "[[[ 0.00000000e+00  2.00000000e+00  4.00000000e+00  6.00000000e+00\n",
            "    8.00000000e+00  1.00000000e+01  1.20000000e+01  1.40000000e+01\n",
            "    1.60000000e+01  1.80000000e+01]]\n",
            "\n",
            " [[ 0.00000000e+00  4.00000000e+00  8.00000000e+00  1.20000000e+01\n",
            "    1.60000000e+01  2.00000000e+01  2.40000000e+01  2.80000000e+01\n",
            "    3.20000000e+01  3.60000000e+01]]\n",
            "\n",
            " [[ 0.00000000e+00  4.00000000e+00  1.60000000e+01  3.60000000e+01\n",
            "    6.40000000e+01  1.00000000e+02  1.44000000e+02  1.96000000e+02\n",
            "    2.56000000e+02  3.24000000e+02]]\n",
            "\n",
            " [[ 0.00000000e+00  9.09297427e-01 -7.56802495e-01 -2.79415498e-01\n",
            "    9.89358247e-01 -5.44021111e-01 -5.36572918e-01  9.90607356e-01\n",
            "   -2.87903317e-01 -7.50987247e-01]]\n",
            "\n",
            " [[ 0.00000000e+00 -2.18503986e+00  1.15782128e+00 -2.91006191e-01\n",
            "   -6.79971146e+00  6.48360827e-01 -6.35859929e-01  7.24460662e+00\n",
            "    3.00632242e-01 -1.13731371e+00]]]\n"
          ]
        }
      ]
    },
    {
      "cell_type": "code",
      "source": [
        "np.shape(data)"
      ],
      "metadata": {
        "colab": {
          "base_uri": "https://localhost:8080/"
        },
        "id": "bJvhZjbXLqUV",
        "outputId": "56fbaa33-97a0-4c4f-d057-98f6f2772e8e"
      },
      "execution_count": null,
      "outputs": [
        {
          "output_type": "execute_result",
          "data": {
            "text/plain": [
              "(5, 1, 10)"
            ]
          },
          "metadata": {},
          "execution_count": 21
        }
      ]
    },
    {
      "cell_type": "code",
      "source": [
        "data=np.array([a,b,c,d,e])"
      ],
      "metadata": {
        "id": "WfTHVo_wLuVM"
      },
      "execution_count": null,
      "outputs": []
    },
    {
      "cell_type": "code",
      "source": [
        "print(data)"
      ],
      "metadata": {
        "colab": {
          "base_uri": "https://localhost:8080/"
        },
        "id": "mnFl2WjeMC44",
        "outputId": "e2cf42f6-3a5d-4c44-f661-a12b8e63dfd6"
      },
      "execution_count": null,
      "outputs": [
        {
          "output_type": "stream",
          "name": "stdout",
          "text": [
            "[[ 0.00000000e+00  2.00000000e+00  4.00000000e+00  6.00000000e+00\n",
            "   8.00000000e+00  1.00000000e+01  1.20000000e+01  1.40000000e+01\n",
            "   1.60000000e+01  1.80000000e+01]\n",
            " [ 0.00000000e+00  4.00000000e+00  8.00000000e+00  1.20000000e+01\n",
            "   1.60000000e+01  2.00000000e+01  2.40000000e+01  2.80000000e+01\n",
            "   3.20000000e+01  3.60000000e+01]\n",
            " [ 0.00000000e+00  4.00000000e+00  1.60000000e+01  3.60000000e+01\n",
            "   6.40000000e+01  1.00000000e+02  1.44000000e+02  1.96000000e+02\n",
            "   2.56000000e+02  3.24000000e+02]\n",
            " [ 0.00000000e+00  9.09297427e-01 -7.56802495e-01 -2.79415498e-01\n",
            "   9.89358247e-01 -5.44021111e-01 -5.36572918e-01  9.90607356e-01\n",
            "  -2.87903317e-01 -7.50987247e-01]\n",
            " [ 0.00000000e+00 -2.18503986e+00  1.15782128e+00 -2.91006191e-01\n",
            "  -6.79971146e+00  6.48360827e-01 -6.35859929e-01  7.24460662e+00\n",
            "   3.00632242e-01 -1.13731371e+00]]\n"
          ]
        }
      ]
    },
    {
      "cell_type": "code",
      "source": [
        "np.shape(data)"
      ],
      "metadata": {
        "colab": {
          "base_uri": "https://localhost:8080/"
        },
        "id": "p2Q0pFlFMFNA",
        "outputId": "653c4c78-d37d-4554-95d4-9e387e9043b7"
      },
      "execution_count": null,
      "outputs": [
        {
          "output_type": "execute_result",
          "data": {
            "text/plain": [
              "(5, 10)"
            ]
          },
          "metadata": {},
          "execution_count": 24
        }
      ]
    },
    {
      "cell_type": "code",
      "source": [
        "np.transpose(data)"
      ],
      "metadata": {
        "colab": {
          "base_uri": "https://localhost:8080/"
        },
        "id": "sNatufsLMHrP",
        "outputId": "46f70524-69ff-4f85-8c69-ee70676a8bcc"
      },
      "execution_count": null,
      "outputs": [
        {
          "output_type": "execute_result",
          "data": {
            "text/plain": [
              "array([[ 0.00000000e+00,  0.00000000e+00,  0.00000000e+00,\n",
              "         0.00000000e+00,  0.00000000e+00],\n",
              "       [ 2.00000000e+00,  4.00000000e+00,  4.00000000e+00,\n",
              "         9.09297427e-01, -2.18503986e+00],\n",
              "       [ 4.00000000e+00,  8.00000000e+00,  1.60000000e+01,\n",
              "        -7.56802495e-01,  1.15782128e+00],\n",
              "       [ 6.00000000e+00,  1.20000000e+01,  3.60000000e+01,\n",
              "        -2.79415498e-01, -2.91006191e-01],\n",
              "       [ 8.00000000e+00,  1.60000000e+01,  6.40000000e+01,\n",
              "         9.89358247e-01, -6.79971146e+00],\n",
              "       [ 1.00000000e+01,  2.00000000e+01,  1.00000000e+02,\n",
              "        -5.44021111e-01,  6.48360827e-01],\n",
              "       [ 1.20000000e+01,  2.40000000e+01,  1.44000000e+02,\n",
              "        -5.36572918e-01, -6.35859929e-01],\n",
              "       [ 1.40000000e+01,  2.80000000e+01,  1.96000000e+02,\n",
              "         9.90607356e-01,  7.24460662e+00],\n",
              "       [ 1.60000000e+01,  3.20000000e+01,  2.56000000e+02,\n",
              "        -2.87903317e-01,  3.00632242e-01],\n",
              "       [ 1.80000000e+01,  3.60000000e+01,  3.24000000e+02,\n",
              "        -7.50987247e-01, -1.13731371e+00]])"
            ]
          },
          "metadata": {},
          "execution_count": 25
        }
      ]
    },
    {
      "cell_type": "code",
      "source": [
        "print(data)"
      ],
      "metadata": {
        "colab": {
          "base_uri": "https://localhost:8080/"
        },
        "id": "TFm1vJY7MQZc",
        "outputId": "bde4ccb7-687b-4d91-942b-4c8055000534"
      },
      "execution_count": null,
      "outputs": [
        {
          "output_type": "stream",
          "name": "stdout",
          "text": [
            "[[ 0.00000000e+00  2.00000000e+00  4.00000000e+00  6.00000000e+00\n",
            "   8.00000000e+00  1.00000000e+01  1.20000000e+01  1.40000000e+01\n",
            "   1.60000000e+01  1.80000000e+01]\n",
            " [ 0.00000000e+00  4.00000000e+00  8.00000000e+00  1.20000000e+01\n",
            "   1.60000000e+01  2.00000000e+01  2.40000000e+01  2.80000000e+01\n",
            "   3.20000000e+01  3.60000000e+01]\n",
            " [ 0.00000000e+00  4.00000000e+00  1.60000000e+01  3.60000000e+01\n",
            "   6.40000000e+01  1.00000000e+02  1.44000000e+02  1.96000000e+02\n",
            "   2.56000000e+02  3.24000000e+02]\n",
            " [ 0.00000000e+00  9.09297427e-01 -7.56802495e-01 -2.79415498e-01\n",
            "   9.89358247e-01 -5.44021111e-01 -5.36572918e-01  9.90607356e-01\n",
            "  -2.87903317e-01 -7.50987247e-01]\n",
            " [ 0.00000000e+00 -2.18503986e+00  1.15782128e+00 -2.91006191e-01\n",
            "  -6.79971146e+00  6.48360827e-01 -6.35859929e-01  7.24460662e+00\n",
            "   3.00632242e-01 -1.13731371e+00]]\n"
          ]
        }
      ]
    },
    {
      "cell_type": "code",
      "source": [
        "data=np.transpose(data)"
      ],
      "metadata": {
        "id": "lqvKMLMoMTin"
      },
      "execution_count": null,
      "outputs": []
    },
    {
      "cell_type": "code",
      "source": [
        "print(data)"
      ],
      "metadata": {
        "colab": {
          "base_uri": "https://localhost:8080/"
        },
        "id": "0EcxpqfwMeji",
        "outputId": "61f74ed2-a1df-45e7-bc79-7ef060283a74"
      },
      "execution_count": null,
      "outputs": [
        {
          "output_type": "stream",
          "name": "stdout",
          "text": [
            "[[ 0.00000000e+00  0.00000000e+00  0.00000000e+00  0.00000000e+00\n",
            "   0.00000000e+00]\n",
            " [ 2.00000000e+00  4.00000000e+00  4.00000000e+00  9.09297427e-01\n",
            "  -2.18503986e+00]\n",
            " [ 4.00000000e+00  8.00000000e+00  1.60000000e+01 -7.56802495e-01\n",
            "   1.15782128e+00]\n",
            " [ 6.00000000e+00  1.20000000e+01  3.60000000e+01 -2.79415498e-01\n",
            "  -2.91006191e-01]\n",
            " [ 8.00000000e+00  1.60000000e+01  6.40000000e+01  9.89358247e-01\n",
            "  -6.79971146e+00]\n",
            " [ 1.00000000e+01  2.00000000e+01  1.00000000e+02 -5.44021111e-01\n",
            "   6.48360827e-01]\n",
            " [ 1.20000000e+01  2.40000000e+01  1.44000000e+02 -5.36572918e-01\n",
            "  -6.35859929e-01]\n",
            " [ 1.40000000e+01  2.80000000e+01  1.96000000e+02  9.90607356e-01\n",
            "   7.24460662e+00]\n",
            " [ 1.60000000e+01  3.20000000e+01  2.56000000e+02 -2.87903317e-01\n",
            "   3.00632242e-01]\n",
            " [ 1.80000000e+01  3.60000000e+01  3.24000000e+02 -7.50987247e-01\n",
            "  -1.13731371e+00]]\n"
          ]
        }
      ]
    },
    {
      "cell_type": "code",
      "source": [
        "np.shape(data)"
      ],
      "metadata": {
        "colab": {
          "base_uri": "https://localhost:8080/"
        },
        "id": "uFT1oY1OMh6a",
        "outputId": "37ef2ad8-378b-4bb0-92e6-7101b00bbd8f"
      },
      "execution_count": null,
      "outputs": [
        {
          "output_type": "execute_result",
          "data": {
            "text/plain": [
              "(10, 5)"
            ]
          },
          "metadata": {},
          "execution_count": 29
        }
      ]
    },
    {
      "cell_type": "code",
      "source": [
        "import pandas as pd"
      ],
      "metadata": {
        "id": "zlQbWxunMqUG"
      },
      "execution_count": null,
      "outputs": []
    },
    {
      "cell_type": "code",
      "source": [
        "df=pf.DataFrame(data)"
      ],
      "metadata": {
        "colab": {
          "base_uri": "https://localhost:8080/",
          "height": 176
        },
        "id": "xSbdaOdrMmvR",
        "outputId": "7285b9c9-e472-420e-e39b-719623975c3a"
      },
      "execution_count": null,
      "outputs": [
        {
          "output_type": "error",
          "ename": "NameError",
          "evalue": "name 'pf' is not defined",
          "traceback": [
            "\u001b[0;31m---------------------------------------------------------------------------\u001b[0m",
            "\u001b[0;31mNameError\u001b[0m                                 Traceback (most recent call last)",
            "\u001b[0;32m<ipython-input-31-d7a5aeff67ec>\u001b[0m in \u001b[0;36m<cell line: 1>\u001b[0;34m()\u001b[0m\n\u001b[0;32m----> 1\u001b[0;31m \u001b[0mdf\u001b[0m\u001b[0;34m=\u001b[0m\u001b[0mpf\u001b[0m\u001b[0;34m.\u001b[0m\u001b[0mDataFrame\u001b[0m\u001b[0;34m(\u001b[0m\u001b[0mdata\u001b[0m\u001b[0;34m)\u001b[0m\u001b[0;34m\u001b[0m\u001b[0;34m\u001b[0m\u001b[0m\n\u001b[0m",
            "\u001b[0;31mNameError\u001b[0m: name 'pf' is not defined"
          ]
        }
      ]
    },
    {
      "cell_type": "code",
      "source": [
        "df=pd.DataFrame(data)"
      ],
      "metadata": {
        "id": "CMS867UxM4V2"
      },
      "execution_count": null,
      "outputs": []
    },
    {
      "cell_type": "code",
      "source": [
        "pritn(df)"
      ],
      "metadata": {
        "colab": {
          "base_uri": "https://localhost:8080/",
          "height": 176
        },
        "id": "nxthl3gUM_jr",
        "outputId": "14351471-8658-48ee-8524-b671ff5711ca"
      },
      "execution_count": null,
      "outputs": [
        {
          "output_type": "error",
          "ename": "NameError",
          "evalue": "name 'pritn' is not defined",
          "traceback": [
            "\u001b[0;31m---------------------------------------------------------------------------\u001b[0m",
            "\u001b[0;31mNameError\u001b[0m                                 Traceback (most recent call last)",
            "\u001b[0;32m<ipython-input-33-c902b4c92041>\u001b[0m in \u001b[0;36m<cell line: 1>\u001b[0;34m()\u001b[0m\n\u001b[0;32m----> 1\u001b[0;31m \u001b[0mpritn\u001b[0m\u001b[0;34m(\u001b[0m\u001b[0mdf\u001b[0m\u001b[0;34m)\u001b[0m\u001b[0;34m\u001b[0m\u001b[0;34m\u001b[0m\u001b[0m\n\u001b[0m",
            "\u001b[0;31mNameError\u001b[0m: name 'pritn' is not defined"
          ]
        }
      ]
    },
    {
      "cell_type": "code",
      "source": [
        "print(df)"
      ],
      "metadata": {
        "colab": {
          "base_uri": "https://localhost:8080/"
        },
        "id": "N8F1hQacNDdX",
        "outputId": "aafaee12-e892-4dd9-bb16-9807e45beec2"
      },
      "execution_count": null,
      "outputs": [
        {
          "output_type": "stream",
          "name": "stdout",
          "text": [
            "      0     1      2         3         4\n",
            "0   0.0   0.0    0.0  0.000000  0.000000\n",
            "1   2.0   4.0    4.0  0.909297 -2.185040\n",
            "2   4.0   8.0   16.0 -0.756802  1.157821\n",
            "3   6.0  12.0   36.0 -0.279415 -0.291006\n",
            "4   8.0  16.0   64.0  0.989358 -6.799711\n",
            "5  10.0  20.0  100.0 -0.544021  0.648361\n",
            "6  12.0  24.0  144.0 -0.536573 -0.635860\n",
            "7  14.0  28.0  196.0  0.990607  7.244607\n",
            "8  16.0  32.0  256.0 -0.287903  0.300632\n",
            "9  18.0  36.0  324.0 -0.750987 -1.137314\n"
          ]
        }
      ]
    },
    {
      "cell_type": "code",
      "source": [
        "df.shape"
      ],
      "metadata": {
        "colab": {
          "base_uri": "https://localhost:8080/"
        },
        "id": "MLR6hUxgNNcx",
        "outputId": "d7077bf9-3836-45a8-9663-b6163661e500"
      },
      "execution_count": null,
      "outputs": [
        {
          "output_type": "execute_result",
          "data": {
            "text/plain": [
              "(10, 5)"
            ]
          },
          "metadata": {},
          "execution_count": 35
        }
      ]
    },
    {
      "cell_type": "code",
      "source": [
        "df.column=['a','b','c','d','e']"
      ],
      "metadata": {
        "colab": {
          "base_uri": "https://localhost:8080/"
        },
        "id": "YPRtKOwONTc8",
        "outputId": "78e1bf24-371a-460a-a062-431592a85296"
      },
      "execution_count": null,
      "outputs": [
        {
          "output_type": "stream",
          "name": "stderr",
          "text": [
            "<ipython-input-36-ee1c17d97fa1>:1: UserWarning: Pandas doesn't allow columns to be created via a new attribute name - see https://pandas.pydata.org/pandas-docs/stable/indexing.html#attribute-access\n",
            "  df.column=['a','b','c','d','e']\n"
          ]
        }
      ]
    },
    {
      "cell_type": "code",
      "source": [
        "df.columns=['a','b','c','d','e']"
      ],
      "metadata": {
        "id": "KvqjCpVeNd80"
      },
      "execution_count": null,
      "outputs": []
    },
    {
      "cell_type": "code",
      "source": [
        "print(df)"
      ],
      "metadata": {
        "colab": {
          "base_uri": "https://localhost:8080/"
        },
        "id": "KUBVGAkuNk6K",
        "outputId": "621d0ca9-cc30-450d-cf6d-ecd39c156d9a"
      },
      "execution_count": null,
      "outputs": [
        {
          "output_type": "stream",
          "name": "stdout",
          "text": [
            "      a     b      c         d         e\n",
            "0   0.0   0.0    0.0  0.000000  0.000000\n",
            "1   2.0   4.0    4.0  0.909297 -2.185040\n",
            "2   4.0   8.0   16.0 -0.756802  1.157821\n",
            "3   6.0  12.0   36.0 -0.279415 -0.291006\n",
            "4   8.0  16.0   64.0  0.989358 -6.799711\n",
            "5  10.0  20.0  100.0 -0.544021  0.648361\n",
            "6  12.0  24.0  144.0 -0.536573 -0.635860\n",
            "7  14.0  28.0  196.0  0.990607  7.244607\n",
            "8  16.0  32.0  256.0 -0.287903  0.300632\n",
            "9  18.0  36.0  324.0 -0.750987 -1.137314\n"
          ]
        }
      ]
    },
    {
      "cell_type": "code",
      "source": [
        "df.to_csv('demoo.csv')"
      ],
      "metadata": {
        "id": "WIpJdlG4NnUJ"
      },
      "execution_count": null,
      "outputs": []
    },
    {
      "cell_type": "code",
      "source": [
        "df1=pd.read_csv('/content/demoo.csv')"
      ],
      "metadata": {
        "id": "mgVJypinN7Bo"
      },
      "execution_count": null,
      "outputs": []
    },
    {
      "cell_type": "code",
      "source": [
        "print(df1)"
      ],
      "metadata": {
        "colab": {
          "base_uri": "https://localhost:8080/"
        },
        "id": "Ytmiam9uOxSs",
        "outputId": "485fe9b4-c895-4cee-a8c9-8f87b7922a79"
      },
      "execution_count": null,
      "outputs": [
        {
          "output_type": "stream",
          "name": "stdout",
          "text": [
            "   Unnamed: 0     a     b      c         d         e\n",
            "0           0   0.0   0.0    0.0  0.000000  0.000000\n",
            "1           1   2.0   4.0    4.0  0.909297 -2.185040\n",
            "2           2   4.0   8.0   16.0 -0.756802  1.157821\n",
            "3           3   6.0  12.0   36.0 -0.279415 -0.291006\n",
            "4           4   8.0  16.0   64.0  0.989358 -6.799711\n",
            "5           5  10.0  20.0  100.0 -0.544021  0.648361\n",
            "6           6  12.0  24.0  144.0 -0.536573 -0.635860\n",
            "7           7  14.0  28.0  196.0  0.990607  7.244607\n",
            "8           8  16.0  32.0  256.0 -0.287903  0.300632\n",
            "9           9  18.0  36.0  324.0 -0.750987 -1.137314\n"
          ]
        }
      ]
    },
    {
      "cell_type": "code",
      "source": [
        "df1.shape"
      ],
      "metadata": {
        "colab": {
          "base_uri": "https://localhost:8080/"
        },
        "id": "nwQzLovpOy9F",
        "outputId": "4c3018bf-acaf-4eab-d0dd-13105fbc7fa9"
      },
      "execution_count": null,
      "outputs": [
        {
          "output_type": "execute_result",
          "data": {
            "text/plain": [
              "(10, 6)"
            ]
          },
          "metadata": {},
          "execution_count": 42
        }
      ]
    },
    {
      "cell_type": "code",
      "source": [
        "df1.cloumns"
      ],
      "metadata": {
        "colab": {
          "base_uri": "https://localhost:8080/",
          "height": 297
        },
        "id": "YYRqU54ZO2q4",
        "outputId": "37008c4c-ab31-4b3a-8da1-ad5d77f71b02"
      },
      "execution_count": null,
      "outputs": [
        {
          "output_type": "error",
          "ename": "AttributeError",
          "evalue": "'DataFrame' object has no attribute 'cloumns'",
          "traceback": [
            "\u001b[0;31m---------------------------------------------------------------------------\u001b[0m",
            "\u001b[0;31mAttributeError\u001b[0m                            Traceback (most recent call last)",
            "\u001b[0;32m<ipython-input-43-d999c0e17d05>\u001b[0m in \u001b[0;36m<cell line: 1>\u001b[0;34m()\u001b[0m\n\u001b[0;32m----> 1\u001b[0;31m \u001b[0mdf1\u001b[0m\u001b[0;34m.\u001b[0m\u001b[0mcloumns\u001b[0m\u001b[0;34m\u001b[0m\u001b[0;34m\u001b[0m\u001b[0m\n\u001b[0m",
            "\u001b[0;32m/usr/local/lib/python3.10/dist-packages/pandas/core/generic.py\u001b[0m in \u001b[0;36m__getattr__\u001b[0;34m(self, name)\u001b[0m\n\u001b[1;32m   5900\u001b[0m         ):\n\u001b[1;32m   5901\u001b[0m             \u001b[0;32mreturn\u001b[0m \u001b[0mself\u001b[0m\u001b[0;34m[\u001b[0m\u001b[0mname\u001b[0m\u001b[0;34m]\u001b[0m\u001b[0;34m\u001b[0m\u001b[0;34m\u001b[0m\u001b[0m\n\u001b[0;32m-> 5902\u001b[0;31m         \u001b[0;32mreturn\u001b[0m \u001b[0mobject\u001b[0m\u001b[0;34m.\u001b[0m\u001b[0m__getattribute__\u001b[0m\u001b[0;34m(\u001b[0m\u001b[0mself\u001b[0m\u001b[0;34m,\u001b[0m \u001b[0mname\u001b[0m\u001b[0;34m)\u001b[0m\u001b[0;34m\u001b[0m\u001b[0;34m\u001b[0m\u001b[0m\n\u001b[0m\u001b[1;32m   5903\u001b[0m \u001b[0;34m\u001b[0m\u001b[0m\n\u001b[1;32m   5904\u001b[0m     \u001b[0;32mdef\u001b[0m \u001b[0m__setattr__\u001b[0m\u001b[0;34m(\u001b[0m\u001b[0mself\u001b[0m\u001b[0;34m,\u001b[0m \u001b[0mname\u001b[0m\u001b[0;34m:\u001b[0m \u001b[0mstr\u001b[0m\u001b[0;34m,\u001b[0m \u001b[0mvalue\u001b[0m\u001b[0;34m)\u001b[0m \u001b[0;34m->\u001b[0m \u001b[0;32mNone\u001b[0m\u001b[0;34m:\u001b[0m\u001b[0;34m\u001b[0m\u001b[0;34m\u001b[0m\u001b[0m\n",
            "\u001b[0;31mAttributeError\u001b[0m: 'DataFrame' object has no attribute 'cloumns'"
          ]
        }
      ]
    },
    {
      "cell_type": "code",
      "source": [
        "df1.columns"
      ],
      "metadata": {
        "colab": {
          "base_uri": "https://localhost:8080/"
        },
        "id": "Dj6KZJX-Phw7",
        "outputId": "07d46768-7079-4c34-8650-ba60eb17651b"
      },
      "execution_count": null,
      "outputs": [
        {
          "output_type": "execute_result",
          "data": {
            "text/plain": [
              "Index(['Unnamed: 0', 'a', 'b', 'c', 'd', 'e'], dtype='object')"
            ]
          },
          "metadata": {},
          "execution_count": 44
        }
      ]
    },
    {
      "cell_type": "code",
      "source": [
        "df1.drop(columns=['Unnames: 0'])"
      ],
      "metadata": {
        "colab": {
          "base_uri": "https://localhost:8080/",
          "height": 321
        },
        "id": "7AU6GGrPPlzx",
        "outputId": "df83e971-4864-4844-b0a1-cc6383ae4738"
      },
      "execution_count": null,
      "outputs": [
        {
          "output_type": "error",
          "ename": "KeyError",
          "evalue": "\"['Unnames: 0'] not found in axis\"",
          "traceback": [
            "\u001b[0;31m---------------------------------------------------------------------------\u001b[0m",
            "\u001b[0;31mKeyError\u001b[0m                                  Traceback (most recent call last)",
            "\u001b[0;32m<ipython-input-45-987b55ad2b11>\u001b[0m in \u001b[0;36m<cell line: 1>\u001b[0;34m()\u001b[0m\n\u001b[0;32m----> 1\u001b[0;31m \u001b[0mdf1\u001b[0m\u001b[0;34m.\u001b[0m\u001b[0mdrop\u001b[0m\u001b[0;34m(\u001b[0m\u001b[0mcolumns\u001b[0m\u001b[0;34m=\u001b[0m\u001b[0;34m[\u001b[0m\u001b[0;34m'Unnames: 0'\u001b[0m\u001b[0;34m]\u001b[0m\u001b[0;34m)\u001b[0m\u001b[0;34m\u001b[0m\u001b[0;34m\u001b[0m\u001b[0m\n\u001b[0m",
            "\u001b[0;32m/usr/local/lib/python3.10/dist-packages/pandas/util/_decorators.py\u001b[0m in \u001b[0;36mwrapper\u001b[0;34m(*args, **kwargs)\u001b[0m\n\u001b[1;32m    329\u001b[0m                     \u001b[0mstacklevel\u001b[0m\u001b[0;34m=\u001b[0m\u001b[0mfind_stack_level\u001b[0m\u001b[0;34m(\u001b[0m\u001b[0;34m)\u001b[0m\u001b[0;34m,\u001b[0m\u001b[0;34m\u001b[0m\u001b[0;34m\u001b[0m\u001b[0m\n\u001b[1;32m    330\u001b[0m                 )\n\u001b[0;32m--> 331\u001b[0;31m             \u001b[0;32mreturn\u001b[0m \u001b[0mfunc\u001b[0m\u001b[0;34m(\u001b[0m\u001b[0;34m*\u001b[0m\u001b[0margs\u001b[0m\u001b[0;34m,\u001b[0m \u001b[0;34m**\u001b[0m\u001b[0mkwargs\u001b[0m\u001b[0;34m)\u001b[0m\u001b[0;34m\u001b[0m\u001b[0;34m\u001b[0m\u001b[0m\n\u001b[0m\u001b[1;32m    332\u001b[0m \u001b[0;34m\u001b[0m\u001b[0m\n\u001b[1;32m    333\u001b[0m         \u001b[0;31m# error: \"Callable[[VarArg(Any), KwArg(Any)], Any]\" has no\u001b[0m\u001b[0;34m\u001b[0m\u001b[0;34m\u001b[0m\u001b[0m\n",
            "\u001b[0;32m/usr/local/lib/python3.10/dist-packages/pandas/core/frame.py\u001b[0m in \u001b[0;36mdrop\u001b[0;34m(self, labels, axis, index, columns, level, inplace, errors)\u001b[0m\n\u001b[1;32m   5397\u001b[0m                 \u001b[0mweight\u001b[0m  \u001b[0;36m1.0\u001b[0m     \u001b[0;36m0.8\u001b[0m\u001b[0;34m\u001b[0m\u001b[0;34m\u001b[0m\u001b[0m\n\u001b[1;32m   5398\u001b[0m         \"\"\"\n\u001b[0;32m-> 5399\u001b[0;31m         return super().drop(\n\u001b[0m\u001b[1;32m   5400\u001b[0m             \u001b[0mlabels\u001b[0m\u001b[0;34m=\u001b[0m\u001b[0mlabels\u001b[0m\u001b[0;34m,\u001b[0m\u001b[0;34m\u001b[0m\u001b[0;34m\u001b[0m\u001b[0m\n\u001b[1;32m   5401\u001b[0m             \u001b[0maxis\u001b[0m\u001b[0;34m=\u001b[0m\u001b[0maxis\u001b[0m\u001b[0;34m,\u001b[0m\u001b[0;34m\u001b[0m\u001b[0;34m\u001b[0m\u001b[0m\n",
            "\u001b[0;32m/usr/local/lib/python3.10/dist-packages/pandas/util/_decorators.py\u001b[0m in \u001b[0;36mwrapper\u001b[0;34m(*args, **kwargs)\u001b[0m\n\u001b[1;32m    329\u001b[0m                     \u001b[0mstacklevel\u001b[0m\u001b[0;34m=\u001b[0m\u001b[0mfind_stack_level\u001b[0m\u001b[0;34m(\u001b[0m\u001b[0;34m)\u001b[0m\u001b[0;34m,\u001b[0m\u001b[0;34m\u001b[0m\u001b[0;34m\u001b[0m\u001b[0m\n\u001b[1;32m    330\u001b[0m                 )\n\u001b[0;32m--> 331\u001b[0;31m             \u001b[0;32mreturn\u001b[0m \u001b[0mfunc\u001b[0m\u001b[0;34m(\u001b[0m\u001b[0;34m*\u001b[0m\u001b[0margs\u001b[0m\u001b[0;34m,\u001b[0m \u001b[0;34m**\u001b[0m\u001b[0mkwargs\u001b[0m\u001b[0;34m)\u001b[0m\u001b[0;34m\u001b[0m\u001b[0;34m\u001b[0m\u001b[0m\n\u001b[0m\u001b[1;32m    332\u001b[0m \u001b[0;34m\u001b[0m\u001b[0m\n\u001b[1;32m    333\u001b[0m         \u001b[0;31m# error: \"Callable[[VarArg(Any), KwArg(Any)], Any]\" has no\u001b[0m\u001b[0;34m\u001b[0m\u001b[0;34m\u001b[0m\u001b[0m\n",
